1723537895960 0.5694305903666856 0
1723537897375 0.5542639216642506 1
1723537898682 0.5486840243568484 2
1723537900060 0.5457588192445553 3
1723537901584 0.5470686500633 4
1723537902759 0.5436191894360726 5
1723537904152 0.543725721883458 6
1723537905614 0.5431748525985819 7
1723537907043 0.5433487407616432 8
1723537908425 0.5442460636232073 9
1723537909906 0.5413835752286659 10
1723537911400 0.5409613178660538 11
1723537912811 0.5400067110922163 12
1723537914232 0.5411100278034905 13
1723537915417 0.5365380469142207 14
