1723537895963 0.7211299668874173 0
1723537897378 0.7396005794701986 1
1723537898686 0.7476717715231788 2
1723537900063 0.7471543874172185 3
1723537901586 0.7506208609271523 4
1723537902762 0.7549668874172185 5
1723537904155 0.7509830298013245 6
1723537905620 0.753828642384106 7
1723537907046 0.7527938741721855 8
1723537908427 0.7535182119205298 9
1723537909909 0.7560016556291391 10
1723537911402 0.7572433774834437 11
1723537912814 0.7566742549668874 12
1723537914234 0.7584333609271523 13
1723537915419 0.761641142384106 14
